{
 "cells": [
  {
   "cell_type": "code",
   "execution_count": 2,
   "metadata": {},
   "outputs": [
    {
     "name": "stderr",
     "output_type": "stream",
     "text": [
      "WARNING:absl:No GPU/TPU found, falling back to CPU. (Set TF_CPP_MIN_LOG_LEVEL=0 and rerun for more info.)\n"
     ]
    },
    {
     "name": "stdout",
     "output_type": "stream",
     "text": [
      "y_real:  [  57.001892  145.35753   261.34067   457.46725   719.05005  1085.7313\n",
      " 1562.6531   2128.626   ]  end\n",
      "y_fit:  [   61.074776   308.8406     890.64526   1951.6664    3637.0815\n",
      "  6092.068     9461.804    13891.466   ]  end\n",
      "[24.1969    21.842394  12.8663025  2.1702225]\n",
      "[24.19626   21.841858  12.866441   2.1702142]\n",
      "[21.158699   19.1458      4.8024573   0.35233438]\n",
      "[21.159895  19.147148   4.802814   0.3523605]\n",
      "[[8.00000e+00 3.60000e+01 2.04000e+02 1.29600e+03]\n",
      " [3.60000e+01 2.04000e+02 1.29600e+03 8.77200e+03]\n",
      " [2.04000e+02 1.29600e+03 8.77200e+03 6.17760e+04]\n",
      " [1.29600e+03 8.77200e+03 6.17760e+04 4.46964e+05]]\n"
     ]
    }
   ],
   "source": [
    "import h5py\n",
    "import jax.numpy as jnp\n",
    "import jax.random as random\n",
    "import scipy.optimize as opt\n",
    "import numpy as np\n",
    "import jax\n",
    "\n",
    "f = h5py.File('dummy_data/inputdata.h5', \"r\")\n",
    "\n",
    "def van_jax(params, order):\n",
    "    \"\"\"\n",
    "    Construct the Vandermonde matrix.\n",
    "    If params is a 2-D array, the highest dimension indicates number of parameters.\n",
    "    \"\"\"\n",
    "    try:\n",
    "        dim = len(params[0])\n",
    "    except:\n",
    "        dim = 1\n",
    "    params = jnp.array(params)\n",
    "\n",
    "    #We will take params to the power of grlex_pow element-wise\n",
    "    if dim == 1:\n",
    "        grlex_pow = jnp.array(range(order+1))\n",
    "    else:\n",
    "        term_list = [[0]*dim]\n",
    "        for i in range(1, numCoeffsPoly(dim, order)):\n",
    "            term_list.append(mono_next_grlex(dim, term_list[-1][:]))\n",
    "        grlex_pow = jnp.array(term_list)\n",
    "    \n",
    "    if dim == 1:\n",
    "        V = jnp.zeros((len(params), numCoeffsPoly(dim, order)), dtype=jnp.float32)\n",
    "        for a, p in enumerate(params): \n",
    "            V = V.at[a].set(p**grlex_pow)\n",
    "        return V\n",
    "    else:\n",
    "        V = jnp.power(params, grlex_pow[:, jnp.newaxis])\n",
    "        return jnp.prod(V, axis=2).T\n",
    "\n",
    "def numCoeffsPoly(dim, order):\n",
    "    \"\"\"\n",
    "    Number of coefficients a dim-dimensional polynomial of order order has (C(dim+order, dim)).\n",
    "    \"\"\"\n",
    "    ntok = 1\n",
    "    r = min(order, dim)\n",
    "    for i in range(r):\n",
    "        ntok = ntok * (dim + order - i) / (i + 1)\n",
    "    return int(ntok)\n",
    "\n",
    "#Next term of grlex ordering\n",
    "def mono_next_grlex(m, x):\n",
    "    #  Author:\n",
    "    #\n",
    "    #    John Burkardt\n",
    "    #\n",
    "    #     TODO --- figure out the licensing thing https://people.sc.fsu.edu/~jburkardt/py_src/monomial/monomial.html\n",
    "\n",
    "    #  Find I, the index of the rightmost nonzero entry of X.\n",
    "    i = 0\n",
    "    for j in range(m, 0, -1):\n",
    "        if 0 < x[j-1]:\n",
    "            i = j\n",
    "            break\n",
    "\n",
    "    #  set T = X(I)\n",
    "    #  set X(I) to zero,\n",
    "    #  increase X(I-1) by 1,\n",
    "    #  increment X(M) by T-1.\n",
    "    if i == 0:\n",
    "        x[m-1] = 1\n",
    "        return x\n",
    "    elif i == 1:\n",
    "        t = x[0] + 1\n",
    "        im1 = m\n",
    "    elif 1 < i:\n",
    "        t = x[i-1]\n",
    "        im1 = i - 1\n",
    "\n",
    "    x[i-1] = 0\n",
    "    x[im1-1] = x[im1-1] + 1\n",
    "    x[m-1] = x[m-1] + t - 1\n",
    "\n",
    "    return x\n",
    "\n",
    "\n",
    "param_real = jnp.array([23, 16, 15, 4, 7, 5, 2, 1, 1, 2])\n",
    "x_sample = jnp.array([[2, 3], [4, 5], [6, 7], [2, 5], [9, 8], [10, 11], [1, 9], [20, 10], [40, 2], [40, 20], [0.1, 0], [2, 0]])\n",
    "\n",
    "\n",
    "param_real_2 = jnp.array([23, 16, 15, 2])\n",
    "x_sample_2 = jnp.array([[1.0], [2], [3], [4], [5], [6], [7], [8]])\n",
    "x_sample_2_flat = x_sample_2.reshape(8,)\n",
    "\n",
    "def real_func(X):\n",
    "    return (van_jax(X, 3))@param_real_2\n",
    "\n",
    "def model_func(X, *params):\n",
    "    return ((van_jax(X, 3))@jnp.array(params).T).flatten()\n",
    "    \n",
    "\n",
    "y_real = real_func(x_sample_2)\n",
    "\n",
    "key = random.PRNGKey(27)\n",
    "y_real = y_real + 10*random.normal(key, shape=(y_real.size,))\n",
    "\n",
    "\n",
    "VM = van_jax(x_sample_2, 3)\n",
    "\n",
    "p_coeffs, res, rank, s  = jnp.linalg.lstsq(VM, y_real, rcond=None)\n",
    "\n",
    "def res_sq(coeff):\n",
    "    return jnp.sum(jnp.square(y_real-VM@coeff))\n",
    "def Hessian(func):\n",
    "    return jax.jacfwd(jax.jacrev(func))\n",
    "\n",
    "cov = jnp.linalg.inv(Hessian(res_sq)(p_coeffs))\n",
    "fac = 2*res/(VM.shape[0]-VM.shape[1])\n",
    "cov = cov*fac\n",
    "\n",
    "\n",
    "\n",
    "p, V = jnp.polyfit(x_sample_2_flat, y_real, 3, cov=True)\n",
    "\n",
    "X = jnp.array([[2, 3]])\n",
    "#print(timing_van_jax(X, 3)[0])\n",
    "\n",
    "print(\"y_real: \", y_real, \" end\")\n",
    "print(\"y_fit: \", model_func(x_sample_2, p.tolist()), \" end\")\n",
    "\n",
    "print(p_coeffs)\n",
    "print(jnp.flip(p))\n",
    "print(jnp.sqrt(jnp.diagonal(cov)))\n",
    "print(jnp.flip(jnp.sqrt(jnp.diagonal(V))))\n",
    "print(VM.T@VM)\n"
   ]
  },
  {
   "cell_type": "code",
   "execution_count": 24,
   "metadata": {},
   "outputs": [
    {
     "name": "stdout",
     "output_type": "stream",
     "text": [
      "\n",
      " 182565870.0\n",
      "scaling factor, ridge:  0.24130988\n",
      "y:  [4.974 2.493 3.271 4.553 2.964 2.768 1.638 4.882 4.269 2.458 1.808 6.343 4.077 3.092 1.471 1.701 2.621 4.369 1.448 5.541 2.237 1.205 3.437 3.304 2.360 3.639 3.239 4.267 1.172 5.066 5.451 2.127 1.853 3.874 2.892 3.834 1.403 4.419 1.501 3.649 3.615 2.961]\n",
      "coeff, lstsq:  [  80.631  104.382  -78.869   22.884 -118.503    7.387  -13.131  -45.061    9.274    0.986]\n",
      "coeff, ridge:  [ 8.470  0.241 -1.904  0.427  1.828 -1.643 -2.090  1.411  2.279  1.357]\n",
      "cov given by inverse Hessian, lstsq: \n",
      " [[-1539.067 -3601.886   706.977 -2850.625  1038.876  -120.157  -756.955   396.314   -78.815     8.058]\n",
      " [-3601.886 -6655.653  2742.832 -4033.265  3436.893  -656.976  -771.057  1129.576  -368.962    60.409]\n",
      " [  706.977  2742.832   355.224  2915.536   141.016  -184.967   955.569   -54.653   -76.152    24.223]\n",
      " [-2850.625 -4033.265  2915.536 -1162.333  3667.144  -689.033   213.031  1155.815  -422.326    55.615]\n",
      " [ 1038.876  3436.893   141.016  3667.144   214.524   -16.593  1238.429    11.402   -58.403    -9.251]\n",
      " [ -120.157  -656.976  -184.967  -689.033   -16.593   117.374  -214.485    37.698    28.077   -19.928]\n",
      " [ -756.955  -771.057   955.569   213.031  1238.429  -214.485   300.218   436.229  -113.211    21.166]\n",
      " [  396.314  1129.576   -54.653  1155.815    11.402    37.698   436.229    95.098    57.126     4.135]\n",
      " [  -78.815  -368.962   -76.152  -422.326   -58.403    28.077  -113.211    57.126    54.570     5.769]\n",
      " [    8.058    60.409    24.223    55.615    -9.251   -19.928    21.166     4.135     5.769     5.721]]  end\n",
      "cov given by inverse Hessian, ridge: \n",
      " [[ 19.027  14.376 -11.659  -2.988   0.227   4.618  -3.739   2.985   0.099  -0.720]\n",
      " [ 14.376  32.784   3.195  12.677  -6.622  -4.335  -0.965  -1.141   0.960   1.048]\n",
      " [-11.659   3.195  30.621   1.064   6.411 -18.132  -1.486   0.637  -1.716   3.533]\n",
      " [ -2.988  12.677   1.064  33.923   6.182   2.606  13.631  -3.948  -3.314  -1.249]\n",
      " [  0.227  -6.622   6.411   6.182  38.112   7.742   0.583   6.693  -8.565  -3.503]\n",
      " [  4.618  -4.335 -18.132   2.606   7.742  17.606   0.584   0.361  -1.338  -4.519]\n",
      " [ -3.739  -0.965  -1.486  13.631   0.583   0.584  15.761  12.073   6.990   1.337]\n",
      " [  2.985  -1.141   0.637  -3.948   6.693   0.361  12.073  30.492  16.647   3.507]\n",
      " [  0.099   0.960  -1.716  -3.314  -8.565  -1.338   6.990  16.647  14.719   3.562]\n",
      " [ -0.720   1.048   3.533  -1.249  -3.503  -4.519   1.337   3.507   3.562   1.974]]  end\n",
      "VM:  [[ 1.000 -1.147  1.299  1.317 -1.491  1.688 -1.511  1.710 -1.936  2.192]\n",
      " [ 1.000 -0.969  1.588  0.939 -1.539  2.522 -0.910  1.492 -2.445  4.006]\n",
      " [ 1.000 -0.807  1.381  0.651 -1.114  1.908 -0.525  0.899 -1.539  2.635]\n",
      " [ 1.000 -1.101  1.342  1.211 -1.476  1.800 -1.333  1.625 -1.981  2.414]\n",
      " [ 1.000 -1.141  1.643  1.301 -1.874  2.700 -1.484  2.138 -3.080  4.436]\n",
      " [ 1.000 -1.142  1.706  1.304 -1.948  2.910 -1.489  2.224 -3.323  4.965]\n",
      " [ 1.000 -1.142  1.959  1.304 -2.237  3.837 -1.489  2.554 -4.381  7.515]\n",
      " [ 1.000 -0.968  1.116  0.936 -1.080  1.244 -0.906  1.045 -1.204  1.388]\n",
      " [ 1.000 -1.150  1.305  1.323 -1.501  1.703 -1.522  1.727 -1.959  2.223]\n",
      " [ 1.000 -0.898  1.604  0.806 -1.441  2.574 -0.724  1.294 -2.311  4.129]\n",
      " [ 1.000 -0.904  1.835  0.818 -1.659  3.365 -0.739  1.500 -3.043  6.174]\n",
      " [ 1.000 -0.973  1.007  0.947 -0.980  1.014 -0.922  0.954 -0.987  1.021]\n",
      " [ 1.000 -0.935  1.384  0.874 -1.294  1.916 -0.817  1.210 -1.792  2.652]\n",
      " [ 1.000 -1.129  1.420  1.276 -1.604  2.016 -1.441  1.811 -2.277  2.862]\n",
      " [ 1.000 -1.099  1.979  1.209 -2.175  3.915 -1.329  2.392 -4.304  7.747]\n",
      " [ 1.000 -0.974  1.811  0.948 -1.764  3.280 -0.923  1.717 -3.194  5.939]\n",
      " [ 1.000 -1.070  1.618  1.144 -1.731  2.619 -1.223  1.851 -2.801  4.239]\n",
      " [ 1.000 -1.024  1.290  1.048 -1.321  1.665 -1.074  1.353 -1.705  2.148]\n",
      " [ 1.000 -1.132  1.909  1.281 -2.161  3.645 -1.450  2.446 -4.126  6.960]\n",
      " [ 1.000 -1.142  1.176  1.304 -1.343  1.384 -1.489  1.534 -1.580  1.628]\n",
      " [ 1.000 -0.963  1.830  0.927 -1.762  3.350 -0.892  1.696 -3.225  6.130]\n",
      " [ 1.000 -0.840  1.891  0.706 -1.589  3.576 -0.594  1.336 -3.006  6.763]\n",
      " [ 1.000 -0.993  1.278  0.986 -1.269  1.632 -0.979  1.260 -1.621  2.085]\n",
      " [ 1.000 -0.994  1.490  0.987 -1.480  2.220 -0.981  1.471 -2.206  3.308]\n",
      " [ 1.000 -0.996  1.666  0.991 -1.658  2.774 -0.987  1.651 -2.762  4.621]\n",
      " [ 1.000 -1.173  1.454  1.376 -1.706  2.116 -1.614  2.002 -2.482  3.077]\n",
      " [ 1.000 -0.965  1.370  0.930 -1.322  1.878 -0.897  1.275 -1.811  2.573]\n",
      " [ 1.000 -1.051  1.392  1.104 -1.463  1.937 -1.161  1.537 -2.036  2.696]\n",
      " [ 1.000 -0.825  1.802  0.681 -1.487  3.249 -0.562  1.228 -2.681  5.856]\n",
      " [ 1.000 -0.910  1.225  0.828 -1.115  1.500 -0.754  1.015 -1.365  1.837]\n",
      " [ 1.000 -0.991  1.014  0.982 -1.005  1.028 -0.973  0.996 -1.018  1.042]\n",
      " [ 1.000 -0.956  1.769  0.914 -1.691  3.131 -0.873  1.616 -2.992  5.539]\n",
      " [ 1.000 -0.848  1.687  0.720 -1.431  2.847 -0.611  1.214 -2.415  4.803]\n",
      " [ 1.000 -0.825  1.288  0.681 -1.063  1.659 -0.562  0.877 -1.369  2.138]\n",
      " [ 1.000 -0.917  1.549  0.841 -1.421  2.400 -0.771  1.303 -2.201  3.718]\n",
      " [ 1.000 -0.948  1.345  0.899 -1.276  1.810 -0.853  1.210 -1.716  2.434]\n",
      " [ 1.000 -0.826  1.650  0.682 -1.363  2.723 -0.564  1.126 -2.249  4.494]\n",
      " [ 1.000 -1.041  1.455  1.085 -1.515  2.117 -1.129  1.578 -2.205  3.081]\n",
      " [ 1.000 -0.925  1.975  0.856 -1.827  3.900 -0.792  1.691 -3.609  7.702]\n",
      " [ 1.000 -0.922  1.346  0.850 -1.241  1.811 -0.784  1.144 -1.670  2.437]\n",
      " [ 1.000 -1.183  1.476  1.401 -1.747  2.179 -1.658  2.067 -2.578  3.216]\n",
      " [ 1.000 -1.051  1.548  1.104 -1.626  2.395 -1.159  1.708 -2.516  3.707]]\n",
      "Difference in inverse Hessians using lstsq regression: \n",
      " [[ -36103.704  -85516.557   15910.651  -70396.702   21032.394   -3461.615  -20043.028    7064.256   -2198.297     257.275]\n",
      " [ -85516.557 -202608.163   37691.136 -167419.640   49031.284   -8465.575  -48023.420   16100.216   -5361.281     635.803]\n",
      " [  15910.651   37691.136   -6986.662   30663.465   -9729.137    1354.835    8520.230   -3490.208     874.074     -95.585]\n",
      " [ -70396.702 -167419.640   30663.465 -139321.195   39291.298   -7085.572  -40407.713   12531.581   -4535.947     523.901]\n",
      " [  21032.394   49031.284   -9729.137   39291.298  -13397.049    1939.520   10714.132   -4863.738    1164.202    -156.745]\n",
      " [  -3461.615   -8465.575    1354.835   -7085.572    1939.520    -244.191   -2036.978     675.374    -188.136      10.236]\n",
      " [ -20043.028  -48023.420    8520.230  -40407.713   10714.131   -2036.978  -11891.644    3299.420   -1313.543     149.296]\n",
      " [   7064.256   16100.216   -3490.208   12531.581   -4863.738     675.374    3299.420   -1779.849     412.631     -52.771]\n",
      " [  -2198.297   -5361.281     874.074   -4535.947    1164.202    -188.136   -1313.543     412.631    -108.237      16.388]\n",
      " [    257.275     635.803     -95.585     523.901    -156.745      10.236     149.296     -52.771      16.388       1.539]]\n",
      "Difference in inverse Hessians using ridge regression: \n",
      " [[ 0.015  0.017 -0.015  0.005 -0.000  0.012 -0.010 -0.016 -0.010 -0.005]\n",
      " [ 0.017  0.032 -0.004  0.003 -0.023 -0.006  0.000  0.006  0.011  0.004]\n",
      " [-0.015 -0.004  0.036 -0.006 -0.011 -0.035  0.026  0.050  0.035  0.016]\n",
      " [ 0.005  0.003 -0.006  0.004  0.006  0.007 -0.013 -0.031 -0.024 -0.007]\n",
      " [-0.000 -0.023 -0.011  0.006  0.039  0.019 -0.019 -0.050 -0.050 -0.015]\n",
      " [ 0.012 -0.006 -0.035  0.007  0.019  0.034 -0.027 -0.058 -0.044 -0.018]\n",
      " [-0.010  0.000  0.026 -0.013 -0.019 -0.027 -0.014 -0.024 -0.012  0.003]\n",
      " [-0.016  0.006  0.050 -0.031 -0.050 -0.058 -0.024 -0.036 -0.012  0.011]\n",
      " [-0.010  0.011  0.035 -0.024 -0.050 -0.044 -0.012 -0.012  0.007  0.012]\n",
      " [-0.005  0.004  0.016 -0.007 -0.015 -0.018  0.003  0.011  0.012  0.007]]\n"
     ]
    }
   ],
   "source": [
    "import scipy.linalg as scila\n",
    "f = h5py.File('dummy_data/inputdata.h5', \"r\")\n",
    "X = jnp.array(f['params'][:], dtype=jnp.float32)\n",
    "Y = jnp.array(f['values'][0])\n",
    "\n",
    "VM = van_jax(X, 3)\n",
    "\n",
    "def curve_fit_func(X, p0, p1, p2, p3, p4, p5, p6, p7, p8, p9):\n",
    "    p = jnp.array([p0, p1, p2, p3, p4, p5, p6, p7, p8, p9])\n",
    "    return van_jax(X, 3)@p\n",
    "p_coeff_alt, p_cov_alt = opt.curve_fit(curve_fit_func, (X), Y)\n",
    "\n",
    "\n",
    "\n",
    "p_coeffs_lstsq, res_here, rank, s  = jnp.linalg.lstsq(VM, Y, rcond=None)\n",
    "\n",
    "##RIDGE\n",
    "def ridge_obj(coeff, target, VM, alpha):\n",
    "        res_sq = jnp.sum(jnp.square(target - VM@coeff))\n",
    "        penalty = alpha*(coeff@coeff)\n",
    "        return res_sq + penalty\n",
    "\n",
    "obj_args = (Y, VM, 0.01)\n",
    "\n",
    "guess = jnp.zeros((VM.shape[1],), dtype=jnp.float32)\n",
    "c_opt = opt.minimize(ridge_obj, guess, args=obj_args, method='Nelder-Mead')\n",
    "p_coeffs_ridge = c_opt.x\n",
    "res_ridge = [jnp.sum(jnp.square(Y-VM@p_coeffs_ridge))]\n",
    "def ridge(coeff):\n",
    "    return ridge_obj(coeff, Y, VM, 0.01)\n",
    "#################################33\n",
    "\n",
    "\n",
    "cov = np.linalg.inv(VM.T@VM)\n",
    "fac_here = res_here/(VM.shape[0]-VM.shape[1])\n",
    "cov = cov*fac_here\n",
    "fac_ridge = res_ridge[0]/(VM.shape[0]-VM.shape[1])\n",
    "\n",
    "def res_sq(coeff):\n",
    "    return jnp.sum(jnp.square(Y-VM@coeff))\n",
    "def Hessian(func):\n",
    "    return jax.jacfwd(jax.jacrev(func))\n",
    "\n",
    "with jnp.printoptions(precision=8, linewidth=1000, suppress=True, floatmode=\"fixed\"):\n",
    "    #print(fac_here)\n",
    "    print(\"\\n\", jnp.linalg.cond(Hessian(res_sq)(p_coeffs_lstsq)) - jnp.finfo(Hessian(res_sq)(p_coeffs_lstsq).dtype).eps)\n",
    "    #print(\"y_real: \", Y, \" end\")\n",
    "\"\"\"\n",
    "print(\"y_fit: \", VM@p_coeffs, \" end\")\n",
    "print(\"y_fit using curve_fit: \", VM@p_coeff_alt, \" end\")\"\"\"\n",
    "print(\"scaling factor, ridge: \", fac_ridge)\n",
    "with jnp.printoptions(precision=3, linewidth=1000, suppress=True, floatmode=\"fixed\"):\n",
    "    print(\"y: \", Y)\n",
    "    print(\"coeff, lstsq: \", p_coeffs_lstsq)\n",
    "    print(\"coeff, ridge: \", p_coeffs_ridge)\n",
    "    print(\"cov given by inverse Hessian, lstsq: \\n\", np.linalg.inv(Hessian(res_sq)(p_coeffs_lstsq))*fac_here, \" end\")\n",
    "    print(\"cov given by inverse Hessian, ridge: \\n\", np.linalg.inv(Hessian(ridge)(p_coeffs_ridge)), \" end\")\n",
    "    print(\"VM: \", VM)\n",
    "\n",
    "    print(\"Difference in inverse Hessians using lstsq regression: \\n\", np.linalg.inv(Hessian(res_sq)(p_coeffs_lstsq)) - np.load(\"polyfit_inv_hess_lst_sq.npy\"))\n",
    "    print(\"Difference in inverse Hessians using ridge regression: \\n\", np.linalg.inv(Hessian(ridge)(p_coeffs_ridge)) - np.load(\"polyfit_inv_hess_ridge.npy\"))\n",
    "#print(\"cov given by scipy curve_fit: \\n\", p_cov_alt, \" end\")\n",
    "#print(\"cov given by old method: \\n\", cov, \" end\")\n",
    "#print(p_coeffs, p_coeff_alt)\n"
   ]
  },
  {
   "cell_type": "code",
   "execution_count": 3,
   "metadata": {},
   "outputs": [
    {
     "name": "stdout",
     "output_type": "stream",
     "text": [
      "['/func0', '/func1']\n",
      "fitting /func0#0\n",
      "func0#0 \n",
      " [  80.62972621  104.38691504  -78.86316804   22.8934713  -118.4974257\n",
      "    7.38508711  -13.12712689  -45.0598705     9.27279875    0.98583797] \n",
      " [ 63.351202   156.53672883  37.81152827 142.35190859  47.69563861\n",
      "  12.44700242  46.14162884  19.2047809    8.43895188   2.34190177] \n",
      "end\n",
      "fitting /func0#1\n",
      "func0#1 \n",
      " [  -9.06684082 -151.08618601  -55.02320836 -204.8598869   -59.50088039\n",
      "   10.58171505  -83.664558    -26.22340188    1.5444825    -1.49583436] \n",
      " [ 95.21013417 235.25809271  56.82671467 213.93981311  71.68148366\n",
      "  18.70652384  69.34597188  28.8627478   12.68284919   3.51962985] \n",
      "end\n",
      "fitting /func0#2\n",
      "func0#2 \n",
      " [150.4308984  289.43369588 -77.35680929 224.11656476 -67.15013875\n",
      "  23.15696082  43.28677066 -51.44319631 -11.12765578  -6.7135658 ] \n",
      " [ 74.36241411 183.74472283  44.38363338 167.09440772  55.98572273\n",
      "  14.61044336  54.16160709  22.54280621   9.90574472   2.74895288] \n",
      "end\n",
      "fitting /func0#3\n",
      "func0#3 \n",
      " [ 154.72120367  334.70876121  -72.98427325  243.493349   -138.8571259\n",
      "   -3.38708843   60.00090054  -50.83377668   11.35734249    3.56777003] \n",
      " [ 84.7828814  209.49302454  50.60314905 190.50948683  63.83104888\n",
      "  16.65781701  61.7513184   25.7017485   11.29384501   3.13416595] \n",
      "end\n",
      "fitting /func0#4\n",
      "func0#4 \n",
      " [-129.61777054 -346.07095722   51.79856399 -318.76630186   40.93070547\n",
      "  -23.91636286 -110.96387517   -6.2543972   -15.86220957    2.15504318] \n",
      " [ 69.96788438 172.88612368  41.7607331  157.21977748  52.67718405\n",
      "  13.74702293  50.96086656  21.21061396   9.32035369   2.58650045] \n",
      "end\n",
      "fitting /func0#5\n",
      "func0#5 \n",
      " [-205.17652363 -478.76757044  115.26839558 -312.39297753  227.55904555\n",
      "   -4.90802046  -46.25111691  115.06324763   -1.13034086    0.52265928] \n",
      " [ 78.68917728 194.43587519  46.96608679 176.8167646   59.24324154\n",
      "  15.46054928  57.31299008  23.85445518  10.48210862   2.90890019] \n",
      "end\n",
      "fitting /func0#6\n",
      "func0#6 \n",
      " [ -64.63170131 -336.77477589  -70.60341785 -401.2921634   -67.84817829\n",
      "   23.45761216 -155.71927754  -38.77763801   -3.9249904    -6.28073006] \n",
      " [ 82.41042143 203.63082917  49.18713271 185.17850345  62.04487925\n",
      "  16.19168513  60.02334538  24.98254236  10.97781193   3.0464633 ] \n",
      "end\n",
      "fitting /func0#7\n",
      "func0#7 \n",
      " [ 64.4960572  152.88559904  -2.16052796 104.53472452 -53.91730673\n",
      " -20.35103484  15.48026079 -36.80550612  -6.92118871   3.35176918] \n",
      " [ 83.32283547 205.88534532  49.73171226 187.2287231   62.73181444\n",
      "  16.37095276  60.68789899  25.25913871  11.09935371   3.08019248] \n",
      "end\n",
      "fitting /func0#8\n",
      "func0#8 \n",
      " [-1.63496209e+02 -3.64661938e+02  1.07646770e+02 -3.15613909e+02\n",
      "  8.57630494e+01 -4.17043801e+01 -1.15207328e+02 -1.65938970e+01\n",
      " -3.94927995e+01  8.69540215e-03] \n",
      " [ 80.10481395 197.93382198  47.81101766 179.99773948  60.30904129\n",
      "  15.73868817  58.34406415  24.2836024   10.6706842    2.96123199] \n",
      "end\n",
      "fitting /func0#9\n",
      "func0#9 \n",
      " [135.32459731 283.51900466 -56.84736778 209.67243369 -71.19197495\n",
      "  12.66932821  54.99940502 -19.82376558   9.47789943  -0.73017724] \n",
      " [ 66.07221487 163.2601759   39.43558041 148.4661      49.74422557\n",
      "  12.98161665  48.12346915  20.02965011   8.80141535   2.44248936] \n",
      "end\n",
      "fitting /func0#10\n",
      "func0#10 \n",
      " [-131.29272792 -311.15658257   65.68711341 -254.99513923   80.36554587\n",
      "  -15.58695955  -73.28058851   22.7229955   -10.91543158    0.84017345] \n",
      " [ 52.22670162 129.04880681  31.17180641 117.35484757  39.3202624\n",
      "  10.26130304  38.03913746  15.83241249   6.95706803   1.93066274] \n",
      "end\n",
      "fitting /func0#11\n",
      "func0#11 \n",
      " [ 13.17571009   9.14131418   0.79115028 -14.94442222  -5.18197046\n",
      "  -2.34691538  -5.94306501   6.78595923   5.3831481    1.49867528] \n",
      " [ 46.65571996 115.28327091  27.84673406 104.83669722  35.12600058\n",
      "   9.16673782  33.98153224  14.14358135   6.21496299   1.72472044] \n",
      "end\n",
      "fitting /func0#12\n",
      "func0#12 \n",
      " [ -5.53641597 -18.55142586  10.35725471 -30.98810053  -1.41630441\n",
      "  -6.11472748 -22.55326011 -20.68488186 -13.36097918  -1.80579051] \n",
      " [36.73496846 90.76973466 21.92547662 82.54449335 27.65689876  7.21754642\n",
      " 26.75578721 11.13612683  4.89342935  1.35798035] \n",
      "end\n",
      "fitting /func0#13\n",
      "func0#13 \n",
      " [-25.38403663 -39.01469145  30.53666386  -5.9378301   52.58903638\n",
      "  -1.23805451   6.51196146  20.11891705  -3.39778216  -0.63954263] \n",
      " [23.84030474 58.90785337 14.22922262 53.56982621 17.94880797  4.6840521\n",
      " 17.36400349  7.22713721  3.17574376  0.88130375] \n",
      "end\n",
      "fitting /func0#14\n",
      "func0#14 \n",
      " [ 23.04620348  41.48357759 -13.56575699  27.89743666 -11.30573216\n",
      "   5.81891075   5.67853712  -4.67975102   1.16256317  -0.95722524] \n",
      " [12.78055387 31.57992323  7.62814688 28.71825915  9.62218015  2.51107445\n",
      "  9.3086722   3.87439747  1.70248513  0.47245831] \n",
      "end\n",
      "fitting /func0#15\n",
      "func0#15 \n",
      " [-2.27794003e+01 -3.31950272e+01  2.74768970e+01 -3.82651179e+00\n",
      "  4.66521690e+01 -1.57176885e+00  6.87519559e+00  1.99416785e+01\n",
      " -1.41255084e+00 -2.90034569e-02] \n",
      " [11.80206701 29.16214539  7.04413139 26.51957203  8.88550028  2.31882509\n",
      "  8.59599468  3.57777128  1.57214185  0.43628662] \n",
      "end\n",
      "fitting /func0#16\n",
      "func0#16 \n",
      " [ 7.18173601 15.21641483 -0.36409847 15.573917    7.66787995  3.39500742\n",
      "  4.84564653  2.39416009 -0.64648616 -0.91269518] \n",
      " [ 9.17507375 22.67101471  5.4761954  20.61664529  6.90769848  1.80268348\n",
      "  6.68263323  2.78140391  1.22220263  0.33917465] \n",
      "end\n",
      "fitting /func0#17\n",
      "func0#17 \n",
      " [ 7.9575813  22.21894482  1.3089492  19.55620993  0.56377553 -0.40560718\n",
      "  5.96381439  0.69677113  0.49733168  0.20365241] \n",
      " [ 4.48598189 11.08457153  2.67748402 10.08012576  3.37739086  0.8813886\n",
      "  3.26734939  1.35991578  0.59757328  0.16583314] \n",
      "end\n",
      "fitting /func0#18\n",
      "func0#18 \n",
      " [ 1.9885088   5.56373766  1.00627348  6.68344519  4.16570535  1.07040131\n",
      "  2.35534763  1.6407134   0.03261709 -0.21434837] \n",
      " [2.77879159 6.86621456 1.6585377  6.2440218  2.09208721 0.54596637\n",
      " 2.02392324 0.84238471 0.37016012 0.1027235 ] \n",
      "end\n",
      "fitting /func0#19\n",
      "func0#19 \n",
      " [ 6.09295101e+00  1.64378290e+01 -1.34821511e-01  1.53232454e+01\n",
      "  7.10905677e-01  4.77662772e-01  4.83795812e+00  6.10040675e-01\n",
      "  3.46873114e-01 -1.30296634e-02] \n",
      " [1.34824459 3.3314253  0.80470751 3.02954299 1.01506182 0.26489795\n",
      " 0.98198928 0.40871745 0.17959835 0.04984051] \n",
      "end\n",
      "fitting /func1#0\n",
      "func1#0 \n",
      " [-111.61837546 -252.98214599   66.5969334  -175.88796181   90.50759722\n",
      "  -16.92354161  -54.63490396    3.09632845  -25.99904395   -1.6188861 ] \n",
      " [ 77.67983577 191.94185749  46.36365552 174.54874621  58.48333192\n",
      "  15.26223771  56.57783968  23.54847547  10.34765522   2.8715879 ] \n",
      "end\n",
      "fitting /func1#1\n",
      "func1#1 \n",
      " [114.89662237 182.27974558 -85.0878405  154.08767817 -34.85142172\n",
      "  39.1646352   43.86047256 -13.8804894    1.97742429  -7.62455664] \n",
      " [ 95.50874428 235.99593901  57.00494183 214.6107983   71.90630023\n",
      "  18.76519362  69.56346352  28.95327081  12.72262675   3.53066856] \n",
      "end\n",
      "fitting /func1#2\n",
      "func1#2 \n",
      " [-115.23433626 -615.18319054 -130.08751248 -663.40020852  -24.98299061\n",
      "   70.06478995 -219.12341444   16.83853667   16.72212848  -11.28900647] \n",
      " [128.78635329 318.22276176  76.86687363 289.38650905  96.96023391\n",
      "  25.30345125  93.80109493  39.04130655  17.15550462   4.76084083] \n",
      "end\n",
      "fitting /func1#3\n",
      "func1#3 \n",
      " [-266.08679772 -848.78750889   -7.03129848 -853.85291472  -10.79177006\n",
      "   -2.37340778 -275.83836704   11.22852314   11.19437818    2.9082199 ] \n",
      " [113.5132299  280.48386022  67.75102234 255.06737703  85.46145645\n",
      "  22.30264625  82.67696834  34.41129198  15.12098673   4.19623978] \n",
      "end\n",
      "fitting /func1#4\n",
      "func1#4 \n",
      " [ 574.58465809 1540.20899809 -149.45263645 1457.59382793 -182.37040294\n",
      "   40.32791867  465.2936681   -72.64915245   10.90836778   -7.57352815] \n",
      " [152.34141633 376.42580132  90.92584811 342.31538925 114.69429007\n",
      "  29.93146015 110.95734362  46.18197335  20.29325161   5.63160006] \n",
      "end\n",
      "fitting /func1#5\n",
      "func1#5 \n",
      " [161.09883667 347.81735813 -64.07638267 282.86482438 -77.68023092\n",
      "  14.00017621  81.61167079 -24.77200456   7.77317623  -1.52884327] \n",
      " [112.33660812 277.57650379  67.04874888 252.42347525  84.57560542\n",
      "  22.07146809  81.81997994  34.05460161  14.96425009   4.15274365] \n",
      "end\n",
      "fitting /func1#6\n",
      "func1#6 \n",
      " [ -85.81613307 -287.46274557   -5.09573992 -190.94859217  127.63087067\n",
      "   46.92679389  -42.15859125   36.66527583  -18.8547416   -15.0143608 ] \n",
      " [130.07989416 321.41901772  77.63893092 292.29313128  97.93411058\n",
      "  25.55760123  94.74324095  39.43344069  17.32781594   4.80865911] \n",
      "end\n",
      "fitting /func1#7\n",
      "func1#7 \n",
      " [-2.71736538e+00  8.03215366e+01  7.08021622e+01  1.55899921e+02\n",
      "  1.03014011e+02 -1.08869596e+01  7.18384728e+01  3.88556579e+01\n",
      " -7.81962395e+00  1.26695753e-01] \n",
      " [ 90.15952091 222.77835353  53.81222718 202.59094498  67.87899504\n",
      "  17.71419862  65.66737518  27.33166523  12.01006192   3.332924  ] \n",
      "end\n",
      "fitting /func1#8\n",
      "func1#8 \n",
      " [ 24.78000357   8.29564205 -29.50719191 -35.03809738 -48.38660465\n",
      "   4.05246025 -27.72698003 -32.89321635  -6.24112306  -2.46488285] \n",
      " [ 55.99322103 138.35563304  33.41987513 125.8183212   42.15598679\n",
      "  11.0013344   40.78246885  16.97422476   7.45880241   2.06989953] \n",
      "end\n",
      "fitting /func1#9\n",
      "func1#9 \n",
      " [32.04378069 80.91047688  1.98593046 75.32848558  7.07854606  1.72659726\n",
      " 21.57460552 -1.48721132 -2.54750701 -0.91849357] \n",
      " [ 43.88519099 108.43747275  26.19312795  98.61124175  33.0401341\n",
      "   8.62239486  31.96362705  13.30370144   5.84590352   1.62230239] \n",
      "end\n",
      "fitting /func1#10\n",
      "func1#10 \n",
      " [ 31.10491785 104.6935742   14.77565948 112.12412593  20.59270754\n",
      "  -2.22936659  35.99278515   0.9229111   -6.27401853  -1.04613159] \n",
      " [17.75087658 43.86126966 10.5947125  39.88671218 13.3642199   3.48762449\n",
      " 12.92878956  5.38114013  2.36457697  0.65619606] \n",
      "end\n",
      "fitting /func1#11\n",
      "func1#11 \n",
      " [-9.18304899 -8.47003618 15.40993882  5.37838327 22.70718699 -2.0942397\n",
      "  4.5634256   7.31995407 -2.27723392 -0.07501164] \n",
      " [ 7.23588499 17.8794045   4.31877946 16.25923433  5.44772861  1.42167907\n",
      "  5.2702318   2.193543    0.96388519  0.26748872] \n",
      "end\n",
      "fitting /func1#12\n",
      "func1#12 \n",
      " [-2.24033882e-01  5.10159318e+00  5.63720192e+00  1.02380638e+01\n",
      "  1.00649722e+01 -2.00097157e-01  4.90915697e+00  4.53794953e+00\n",
      " -1.43617793e-01  1.00921869e-02] \n",
      " [2.8948064  7.15287965 1.7277818  6.50471029 2.17943204 0.56876051\n",
      " 2.10842222 0.87755434 0.38561434 0.10701221] \n",
      "end\n",
      "fitting /func1#13\n",
      "func1#13 \n",
      " [ 0.91055193  2.83378929  0.73568401  2.80075576  1.12011667 -0.07011243\n",
      "  1.02214223  0.69390928  0.12670336  0.042483  ] \n",
      " [0.87406565 2.15975978 0.5216911  1.96404977 0.65806359 0.17173308\n",
      " 0.63662269 0.26497113 0.11643343 0.03231156] \n",
      "end\n",
      "fitting /func1#14\n",
      "func1#14 \n",
      " [ 0.89909041  2.49684642  0.03472748  2.46597543  0.2755869   0.07788153\n",
      "  0.76262016  0.02883779 -0.06423668 -0.03079581] \n",
      " [0.31886098 0.7878849  0.19031401 0.71648948 0.24006298 0.06264859\n",
      " 0.2322413  0.09666202 0.04247516 0.01178732] \n",
      "end\n",
      "fitting /func1#15\n",
      "func1#15 \n",
      " [ 0.12823846  0.46019412  0.07054102  0.55421234  0.17958708  0.01928796\n",
      "  0.20455181  0.07000309 -0.00886695 -0.00652116] \n",
      " [0.12480913 0.3083953  0.07449304 0.28044958 0.09396588 0.02452202\n",
      " 0.0909043  0.03783562 0.0166257  0.00461381] \n",
      "end\n",
      "fitting /func1#16\n",
      "func1#16 \n",
      " [ 0.1430322   0.34341527 -0.04302795  0.26968556 -0.07443538  0.00256863\n",
      "  0.07697377 -0.01472298  0.01454364  0.00282988] \n",
      " [0.04082829 0.10088407 0.0243686  0.0917423  0.03073866 0.00802179\n",
      " 0.02973714 0.01237701 0.0054387  0.0015093 ] \n",
      "end\n",
      "fitting /func1#17\n",
      "func1#17 \n",
      " [ 9.78094453e-02  2.25013613e-01 -4.00956001e-02  1.65610796e-01\n",
      " -6.98193026e-02  2.68676597e-03  3.90648257e-02 -2.86957987e-02\n",
      "  3.25308577e-03  1.19632333e-04] \n",
      " [0.01950872 0.04820478 0.01164389 0.04383663 0.01468766 0.003833\n",
      " 0.01420911 0.00591403 0.00259874 0.00072118] \n",
      "end\n",
      "fitting /func1#18\n",
      "func1#18 \n",
      " [0. 0. 0. 0. 0. 0. 0. 0. 0. 0.] \n",
      " [0. 0. 0. 0. 0. 0. 0. 0. 0. 0.] \n",
      "end\n",
      "fitting /func1#19\n",
      "func1#19 \n",
      " [0. 0. 0. 0. 0. 0. 0. 0. 0. 0.] \n",
      " [0. 0. 0. 0. 0. 0. 0. 0. 0. 0.] \n",
      "end\n"
     ]
    }
   ],
   "source": [
    "from modules.polyfit import Polyfit\n",
    "\n",
    "dummy_fits = Polyfit('dummy_data/dummy_p_coeffs.npz', 'dummy_data/dummy_chi2res.npz',\n",
    " input_h5='dummy_data/inputdata.h5', order=3, cov_npz = 'dummy_data/dummy_cov.npz')\n",
    "test_surrogate, chi2_ndf, res, cov = dummy_fits.get_surrogate_func('/func0#0')\n"
   ]
  },
  {
   "cell_type": "code",
   "execution_count": 7,
   "metadata": {},
   "outputs": [
    {
     "name": "stdout",
     "output_type": "stream",
     "text": [
      "182565870.0\n",
      "182565870.0\n"
     ]
    }
   ],
   "source": [
    "print(jnp.linalg.cond(Hessian(res_sq)(p_coeffs)))\n",
    "print(jnp.linalg.cond(VM.T@VM))"
   ]
  },
  {
   "cell_type": "code",
   "execution_count": 16,
   "metadata": {},
   "outputs": [
    {
     "data": {
      "text/plain": [
       "DeviceArray([[  84.      ,  -83.98069 ,  127.74591 ,   84.94728 ,\n",
       "              -127.58001 ,  199.8724  ,  -86.901634,  128.94978 ,\n",
       "              -199.40294 ,  321.06458 ],\n",
       "             [ -83.98069 ,   84.94728 , -127.58001 ,  -86.901634,\n",
       "               128.9498  , -199.40294 ,   89.86794 , -131.85355 ,\n",
       "               201.38052 , -320.0215  ],\n",
       "             [ 127.74591 , -127.58001 ,  199.87242 ,  128.94978 ,\n",
       "              -199.40292 ,  321.06458 , -131.85356 ,  201.38052 ,\n",
       "              -320.0215  ,  528.26416 ],\n",
       "             [  84.94728 ,  -86.901634,  128.94978 ,   89.86794 ,\n",
       "              -131.85355 ,  201.38054 ,  -93.892555,  136.32425 ,\n",
       "              -205.79607 ,  322.96472 ],\n",
       "             [-127.58001 ,  128.9498  , -199.40292 , -131.85355 ,\n",
       "               201.38052 , -320.02148 ,  136.32425 , -205.79608 ,\n",
       "               322.96472 , -526.2069  ],\n",
       "             [ 199.8724  , -199.40294 ,  321.06458 ,  201.38054 ,\n",
       "              -320.02148 ,  528.2642  , -205.79607 ,  322.96472 ,\n",
       "              -526.207   ,  888.09766 ],\n",
       "             [ -86.901634,   89.86794 , -131.85356 ,  -93.892555,\n",
       "               136.32425 , -205.79607 ,   99.0443  , -142.42891 ,\n",
       "               212.69513 , -329.87048 ],\n",
       "             [ 128.94978 , -131.85355 ,  201.38052 ,  136.32425 ,\n",
       "              -205.79608 ,  322.96472 , -142.42891 ,  212.6951  ,\n",
       "              -329.87048 ,  530.77936 ],\n",
       "             [-199.40294 ,  201.38052 , -320.0215  , -205.79607 ,\n",
       "               322.96472 , -526.207   ,  212.69513 , -329.87048 ,\n",
       "               530.77936 , -884.3513  ],\n",
       "             [ 321.06458 , -320.0215  ,  528.26416 ,  322.96472 ,\n",
       "              -526.2069  ,  888.09766 , -329.87048 ,  530.77936 ,\n",
       "              -884.3513  , 1521.7748  ]], dtype=float32)"
      ]
     },
     "execution_count": 16,
     "metadata": {},
     "output_type": "execute_result"
    }
   ],
   "source": [
    "Hessian(res_sq)(p_coeffs)"
   ]
  }
 ],
 "metadata": {
  "kernelspec": {
   "display_name": "Python 3.8.10 64-bit",
   "language": "python",
   "name": "python3"
  },
  "language_info": {
   "codemirror_mode": {
    "name": "ipython",
    "version": 3
   },
   "file_extension": ".py",
   "mimetype": "text/x-python",
   "name": "python",
   "nbconvert_exporter": "python",
   "pygments_lexer": "ipython3",
   "version": "3.8.10 (default, Jun 22 2022, 20:18:18) \n[GCC 9.4.0]"
  },
  "orig_nbformat": 4,
  "vscode": {
   "interpreter": {
    "hash": "916dbcbb3f70747c44a77c7bcd40155683ae19c65e1c03b4aa3499c5328201f1"
   }
  }
 },
 "nbformat": 4,
 "nbformat_minor": 2
}
